"Kp", "Kd", "sum(cte^2)/#steps"
0 ,0 ,1.49007
0.05 ,0 ,1.13211
0.1 ,0 ,1.29835
0.15 ,0 ,1.42427
0.2 ,0 ,1.42537
0.25 ,0 ,1.32232
0.3 ,0 ,1.21946
0.35 ,0 ,1.1233
0.4 ,0 ,0.98006
0.45 ,0 ,0.975188
0.5 ,0 ,0.891275
0.55 ,0 ,1.32886
0.6 ,0 ,1.26141
0.65 ,0 ,1.24513
0.7 ,0 ,1.27652
0.75 ,0 ,0.971231
0.8 ,0 ,0.827833
0.85 ,0 ,0.878494
0.9 ,0 ,0.855579
0.95 ,0 ,0.87549
0 ,0.25 ,1.51003
0.05 ,0.25 ,1.42344
0.1 ,0.25 ,1.37625
0.15 ,0.25 ,1.22455
0.2 ,0.25 ,1.28212
0.25 ,0.25 ,1.28094
0.3 ,0.25 ,1.2606
0.35 ,0.25 ,1.11539
0.4 ,0.25 ,1.1082
0.45 ,0.25 ,0.983634
0.5 ,0.25 ,0.927177
0.55 ,0.25 ,0.923798
0.6 ,0.25 ,0.92087
0.65 ,0.25 ,0.891708
0.7 ,0.25 ,0.934386
0.75 ,0.25 ,0.928972
0.8 ,0.25 ,1.08122
0.85 ,0.25 ,1.06019
0.9 ,0.25 ,1.21111
0.95 ,0.25 ,1.24257
0 ,0.5 ,1.51386
0.05 ,0.5 ,1.19924
0.1 ,0.5 ,0.799986
0.15 ,0.5 ,1.66835
0.2 ,0.5 ,1.47645
0.25 ,0.5 ,1.40352
0.3 ,0.5 ,1.0204
0.35 ,0.5 ,1.17942
0.4 ,0.5 ,1.16354
0.45 ,0.5 ,1.01806
0.5 ,0.5 ,0.877217
0.55 ,0.5 ,0.846569
0.6 ,0.5 ,0.863035
0.65 ,0.5 ,0.910589
0.7 ,0.5 ,1.14914
0.75 ,0.5 ,0.826347
0.8 ,0.5 ,0.806663
0.85 ,0.5 ,0.906011
0.9 ,0.5 ,0.943267
0.95 ,0.5 ,0.996711
0 ,0.75 ,1.96482
0.05 ,0.75 ,0.407802
0.1 ,0.75 ,0.752372
0.15 ,0.75 ,1.18355
0.2 ,0.75 ,1.05543
0.25 ,0.75 ,1.32926
0.3 ,0.75 ,1.19616
0.35 ,0.75 ,1.06148
0.4 ,0.75 ,1.05875
0.45 ,0.75 ,0.933373
0.5 ,0.75 ,0.898099
0.55 ,0.75 ,1.06082
0.6 ,0.75 ,0.946469
0.65 ,0.75 ,0.800275
0.7 ,0.75 ,0.754448
0.75 ,0.75 ,0.778703
0.8 ,0.75 ,1.00953
0.85 ,0.75 ,1.36661
0.9 ,0.75 ,0.966582
0.95 ,0.75 ,0.842826
0 ,1 ,1.60782
0.05 ,1 ,0.321428
0.1 ,1 ,0.691269
0.15 ,1 ,0.419377
0.2 ,1 ,0.567313
0.25 ,1 ,1.19361
0.3 ,1 ,0.969799
0.35 ,1 ,1.51146
0.4 ,1 ,1.06283
0.45 ,1 ,0.949698
0.5 ,1 ,0.857597
0.55 ,1 ,0.767423
0.6 ,1 ,0.719839
0.65 ,1 ,0.997559
0.7 ,1 ,1.10357
0.75 ,1 ,1.02253
0.8 ,1 ,0.733957
0.85 ,1 ,0.807931
0.9 ,1 ,0.954176
0.95 ,1 ,1.20337
0 ,1.25 ,1.96712
0.05 ,1.25 ,0.301544
0.1 ,1.25 ,0.571465
0.15 ,1.25 ,0.335962
0.2 ,1.25 ,0.270421
0.25 ,1.25 ,0.323888
0.3 ,1.25 ,0.617656
0.35 ,1.25 ,0.748631
0.4 ,1.25 ,0.990337
0.45 ,1.25 ,1.00541
0.5 ,1.25 ,0.842958
0.55 ,1.25 ,0.683066
0.6 ,1.25 ,0.68618
0.65 ,1.25 ,0.686288
0.7 ,1.25 ,0.752919
0.75 ,1.25 ,0.953419
0.8 ,1.25 ,0.886017
0.85 ,1.25 ,1.06615
0.9 ,1.25 ,0.717644
0.95 ,1.25 ,0.794522
0 ,1.5 ,1.53599
0.05 ,1.5 ,0.830436
0.1 ,1.5 ,0.543717
0.15 ,1.5 ,0.292388
0.2 ,1.5 ,0.234052
0.25 ,1.5 ,0.226796
0.3 ,1.5 ,0.27024
0.35 ,1.5 ,0.628719
0.4 ,1.5 ,0.580946
0.45 ,1.5 ,0.519308
0.5 ,1.5 ,0.914127
0.55 ,1.5 ,0.872742
0.6 ,1.5 ,0.431812
0.65 ,1.5 ,0.641505
0.7 ,1.5 ,0.608248
0.75 ,1.5 ,0.917459
0.8 ,1.5 ,0.780538
0.85 ,1.5 ,0.761908
0.9 ,1.5 ,0.730657
0.95 ,1.5 ,0.901873
0 ,1.75 ,1.63727
0.05 ,1.75 ,0.801458
0.1 ,1.75 ,0.511621
0.15 ,1.75 ,0.283913
0.2 ,1.75 ,0.198022
0.25 ,1.75 ,0.193247
0.3 ,1.75 ,0.210752
0.35 ,1.75 ,0.309148
0.4 ,1.75 ,0.425711
0.45 ,1.75 ,0.468981
0.5 ,1.75 ,0.564428
0.55 ,1.75 ,0.792776
0.6 ,1.75 ,0.582387
0.65 ,1.75 ,0.570159
0.7 ,1.75 ,0.79707
0.75 ,1.75 ,0.735729
0.8 ,1.75 ,0.839666
0.85 ,1.75 ,0.651441
0.9 ,1.75 ,0.776219
0.95 ,1.75 ,0.801767
0 ,2 ,1.44099
0.05 ,2 ,1.03612
0.1 ,2 ,0.495947
0.15 ,2 ,0.281284
0.2 ,2 ,0.199031
0.25 ,2 ,0.182327
0.3 ,2 ,0.1598
0.35 ,2 ,0.200495
0.4 ,2 ,0.203152
0.45 ,2 ,0.23894
0.5 ,2 ,0.376483
0.55 ,2 ,0.36604
0.6 ,2 ,0.677449
0.65 ,2 ,0.701823
0.7 ,2 ,0.722955
0.75 ,2 ,0.966441
0.8 ,2 ,0.64266
0.85 ,2 ,1.08847
0.9 ,2 ,0.799443
0.95 ,2 ,0.596756
0 ,2.25 ,1.53457
0.05 ,2.25 ,0.98569
0.1 ,2.25 ,0.480495
0.15 ,2.25 ,0.255062
0.2 ,2.25 ,0.185792
0.25 ,2.25 ,0.158027
0.3 ,2.25 ,0.141393
0.35 ,2.25 ,0.156504
0.4 ,2.25 ,0.145556
0.45 ,2.25 ,0.144704
0.5 ,2.25 ,0.138489
0.55 ,2.25 ,0.175977
0.6 ,2.25 ,0.697869
0.65 ,2.25 ,0.860697
0.7 ,2.25 ,0.656726
0.75 ,2.25 ,0.525494
0.8 ,2.25 ,0.713572
0.85 ,2.25 ,0.836966
0.9 ,2.25 ,0.764587
0.95 ,2.25 ,0.693744
0 ,2.5 ,0.69914
0.05 ,2.5 ,1.18377
0.1 ,2.5 ,0.455549
0.15 ,2.5 ,0.254954
0.2 ,2.5 ,0.187057
0.25 ,2.5 ,0.152758
0.3 ,2.5 ,0.127256
0.35 ,2.5 ,0.124557
0.4 ,2.5 ,0.118781
0.45 ,2.5 ,0.117273
0.5 ,2.5 ,0.117631
0.55 ,2.5 ,0.159933
0.6 ,2.5 ,0.608193
0.65 ,2.5 ,0.450115
0.7 ,2.5 ,0.366422
0.75 ,2.5 ,0.418484
0.8 ,2.5 ,0.275437
0.85 ,2.5 ,0.649875
0.9 ,2.5 ,0.572441
0.95 ,2.5 ,0.675199
0 ,2.75 ,0.901287
0.05 ,2.75 ,1.17599
0.1 ,2.75 ,0.456162
0.15 ,2.75 ,0.258223
0.2 ,2.75 ,0.177154
0.25 ,2.75 ,0.143302
0.3 ,2.75 ,0.11992
0.35 ,2.75 ,0.106362
0.4 ,2.75 ,0.102481
0.45 ,2.75 ,0.100522
0.5 ,2.75 ,0.0989609
0.55 ,2.75 ,0.104355
0.6 ,2.75 ,0.140501
0.65 ,2.75 ,0.417808
0.7 ,2.75 ,0.385657
0.75 ,2.75 ,0.39929
0.8 ,2.75 ,0.261492
0.85 ,2.75 ,0.31081
0.9 ,2.75 ,0.419387
0.95 ,2.75 ,0.529417
0 ,3 ,1.24529
0.05 ,3 ,1.18417
0.1 ,3 ,0.449567
0.15 ,3 ,0.25769
0.2 ,3 ,0.181357
0.25 ,3 ,0.144051
0.3 ,3 ,0.114591
0.35 ,3 ,0.0982639
0.4 ,3 ,0.0938165
0.45 ,3 ,0.0860458
0.5 ,3 ,0.0872115
0.55 ,3 ,0.0906874
0.6 ,3 ,0.112419
0.65 ,3 ,0.429164
0.7 ,3 ,0.347093
0.75 ,3 ,0.346059
0.8 ,3 ,0.250925
0.85 ,3 ,0.306766
0.9 ,3 ,0.335774
0.95 ,3 ,0.41097
0 ,3.25 ,1.11507
0.05 ,3.25 ,1.17649
0.1 ,3.25 ,0.442418
0.15 ,3.25 ,0.255025
0.2 ,3.25 ,0.177164
0.25 ,3.25 ,0.12962
0.3 ,3.25 ,0.113178
0.35 ,3.25 ,0.096335
0.4 ,3.25 ,0.0894702
0.45 ,3.25 ,0.0830067
0.5 ,3.25 ,0.0794883
0.55 ,3.25 ,0.0790857
0.6 ,3.25 ,0.0999532
0.65 ,3.25 ,0.169456
0.7 ,3.25 ,0.342233
0.75 ,3.25 ,0.420847
0.8 ,3.25 ,0.254546
0.85 ,3.25 ,0.338434
0.9 ,3.25 ,0.265523
0.95 ,3.25 ,0.270093
0 ,3.5 ,1.8159
0.05 ,3.5 ,1.27163
0.1 ,3.5 ,0.431693
0.15 ,3.5 ,0.259293
0.2 ,3.5 ,0.182814
0.25 ,3.5 ,0.129011
0.3 ,3.5 ,0.11169
0.35 ,3.5 ,0.095254
0.4 ,3.5 ,0.0846908
0.45 ,3.5 ,0.0795963
0.5 ,3.5 ,0.0753744
0.55 ,3.5 ,0.0728622
0.6 ,3.5 ,0.0820255
0.65 ,3.5 ,0.111038
0.7 ,3.5 ,0.30029
0.75 ,3.5 ,0.374227
0.8 ,3.5 ,0.293952
0.85 ,3.5 ,0.287372
0.9 ,3.5 ,0.267663
0.95 ,3.5 ,0.230136
0 ,3.75 ,1.59141
0.05 ,3.75 ,0.677276
0.1 ,3.75 ,0.453861
0.15 ,3.75 ,0.249083
0.2 ,3.75 ,0.178741
0.25 ,3.75 ,0.128844
0.3 ,3.75 ,0.111102
0.35 ,3.75 ,0.0908329
0.4 ,3.75 ,0.0825976
0.45 ,3.75 ,0.0766708
0.5 ,3.75 ,0.069845
0.55 ,3.75 ,0.0713581
0.6 ,3.75 ,0.0763948
0.65 ,3.75 ,0.0872106
0.7 ,3.75 ,0.399318
0.75 ,3.75 ,0.405265
0.8 ,3.75 ,0.359684
0.85 ,3.75 ,0.412351
0.9 ,3.75 ,0.324598
0.95 ,3.75 ,0.284321